banco <- c(3:400)
banco
